99.6332
99.9051
100.002
100.073
100.373
99.387
100.883
100.67
98.9414
99.9386
99.9969
99.5574
100.855
99.4001
100.629
100.197
98.9977
100.158
100.815
99.2255
100.559
99.3083
102.012
101.639
97.3873
99.8651
102.107
100.438
99.9658
97.6575
101.159
101.06
98.9256
99.8205
98.7739
100.394
100.557
100.069
98.305
101.309
100.158
99.4075
100.596
98.5745
102.466
97.2825
101.592
98.249
100.836
99.3914
100.22
99.5267
100.582
100.321
99.8126
99.7768
100.105
99.8503
100.4
99.4588
100.597
99.0818
100.862
100.189
99.1281
100.947
99.7863
99.297
100.581
99.5242
99.7439
100.222
100.07
100.49
99.169
100.166
100.08
99.5864
100.077
100.09
99.9658
100.117
100.079
100.433
99.4089
100.804
99.6856
100.274
100.027
99.8261
99.7644
99.5522
100.035
100.585
99.9394
99.5872
99.8155
99.5857
100.1
100.118
100.134
100.746
99.2658
100.27
100.735
99.1289
99.9642
99.4569
100.224
100.888
101.679
101.283
97.0886
99.0375
103.016
100.229
99.3636
100.223
97.3231
102.797
98.8275
100.447
99.6199
99.4924
100.16
99.7751
99.7237
99.3514
101.68
98.9083
99.1491
100.396
100.158
99.8695
99.6173
100.48
100.007
99.7368
100.403
101.82
97.5883
99.7839
100.152
100.781
99.1374
100.395
99.5798
100.817
98.9658
100.946
99.0622
101.595
98.9139
100.497
99.9929
99.8247
99.2158
100.244
100.005
100.672
99.4267
99.7434
100.041
99.9064
100.881
99.3649
100.014
101.264
100.566
99.0137
99.6609
100.151
100.709
100.052
98.9482
100.521
99.7445
99.9953
99.9671
99.7713
100.103
100.05
100.133
101.668
99.1237
99.7787
99.1882
100.997
98.9799
102.765
97.3051
103.055
100.971
99.4289
99.9459
99.4989
100.339
99.4698
97.7453
102.504
99.5924
100.372
98.9486
99.6374
100.206
99.9643
99.7077
99.6294
99.9277
99.9041
99.769
99.9313
100.995
99.1121
99.5371
101.138
99.9869
98.6379
101.705
99.6595
101.939
97.079
99.9765
101.284
99.197
99.5798
100.073
99.8799
100.221
99.9885
100.017
100.525
100.55
99.5568
99.2239
100.42
100.038
101.561
98.1068
101.321
98.5511
100.704
99.9043
99.5821
99.9314
100.027
99.9287
100.662
100.365
98.9475
99.9887
99.9115
100.3
100.294
99.8852
100.338
100.529
99.3151
99.234
100.151
100.93
99.1454
99.9125
99.9053
100.919
99.2554
100.106
100.514
99.1474
100.327
99.6303
100.18
99.5348
100.227
99.8042
99.5359
101.751
98.6501
101.675
101.862
100.182
95.9609
102.663
100.183
99.7148
100.205
100.097
99.3345
100.497
99.2644
99.9192
99.5511
99.4653
99.8935
98.2892
101.668
100.713
98.9791
99.702
100.209
99.2476
99.6803
100.279
100.065
100.13
99.164
99.7344
100.049
99.902
99.8165
100.042
101.121
100.422
98.662
100.916
100.221
99.2409
99.7485
100.753
100.375
100.744
99.0458
100.977
99.9396
100.111
99.8911
99.0842
100.099
100.811
99.7012
100.475
99.4915
100.754
100.131
99.0016
101.287
99.8884
99.7227
99.5293
99.6925
99.9195
101.102
98.991
100.844
99.1822
99.9865
100.081
99.7385
100.699
99.3291
99.7828
100.988
99.6342
100.157
99.5247
100.144
100.705
98.9212
101.233
98.9063
102.485
100.629
100.21
99.9551
100.982
98.7921
100.003
96.9834
102.613
100.322
99.2605
100.062
100.109
101.756
97.5226
99.1634
99.9601
100.207
99.6702
100.564
99.0604
101.007
100.209
100.287
99.2801
100.178
99.3349
100.612
100.197
100.399
99.9771
99.6677
99.4597
100.824
99.7525
99.1458
100.724
99.394
100.23
100.997
98.9241
99.9951
99.9994
99.9561
99.7996
100.109
100.344
101.211
98.9066
100.178
99.8264
99.8409
100.38
99.7909
100.06
100.107
100.541
100.524
99.3521
100.741
99.0071
100.35
99.6988
100.293
99.7632
100.206
100.718
99.8338
99.6009
99.8835
99.8299
100.035
100.525
101.134
98.2705
102.973
100.674
99.7624
96.6378
103.814
99.2036
100.739
97.3222
101.426
99.953
99.8981
100.266
99.9016
99.9297
99.3085
99.8826
99.7517
99.7467
99.3105
100.151
100.548
99.7007
100.55
99.5648
100.406
99.5046
100.373
101.318
99.2291
99.9492
100.707
98.9463
99.9918
101.006
99.6941
99.2794
100.722
99.6438
99.9811
99.991
99.904
100.627
99.0944
100.284
100.167
99.8861
99.6288
101.063
99.1332
100.423
99.5584
101.08
99.3533
99.513
100.855
99.4629
99.8902
99.9472
99.7452
100.459
99.8753
99.7404
100.844
100.198
99.5177
101.938
98.4178
99.4602
99.9462
99.7989
100.576
100.136
100.144
99.1451
101.882
98.8919
99.6805
101.383
101.647
99.92
99.7578
96.9304
102.462
100.316
100.128
100.351
98.4915
99.9712
100.112
99.9217
99.1559
100.998
100.432
98.755
99.6906
99.5888
99.6463
99.0803
100.936
98.863
101.736
98.7711
100.873
98.7605
100.132
99.6745
100.563
100.104
100.334
98.655
100.017
100.027
99.7024
100.498
100.215
99.2704
100.176
100.881
99.3511
99.8735
99.9648
99.5559
101.628
98.6561
100.888
99.5207
100.144
99.7043
100.688
100.047
99.8965
99.4755
100.875
100.594
99.6535
99.2238
100.255
100.49
100.62
99.6248
100.359
99.0128
100.958
98.8666
101.111
99.5595
99.6988
100.06
101.7
99.2664
100.08
99.3383
101.206
99.0598
100.659
99.4518
100.045
101.056
102.513
100.138
99.8607
99.7602
97.561
102.589
99.4231
100.594
99.2631
99.6654
100.339
99.294
99.8417
100.918
99.8717
99.7116
99.2488
99.1568
100.528
99.4713
100.216
101.661
98.2353
99.5312
100.874
99.4702
100.745
98.8485
100.209
99.9545
101.127
99.3895
99.2875
101.437
98.7753
100.007
99.9869
100.293
99.8358
100.427
100.11
99.2563
100.832
99.537
100.378
99.2557
100.469
100.506
98.9751
101.03
99.4355
99.7444
100.015
101.625
99.4551
99.2387
99.8031
99.9386
100.216
100.293
99.5443
100.79
99.1644
100.025
100.519
100.1
99.1039
100.199
99.5804
101.41
99.2116
99.5975
100.165
99.7573
100.154
99.7496
100.275
101.507
99.1994
100.144
102.518
98.9657
100.782
96.8761
103.34
100.123
99.9514
96.478
102.286
100.092
99.6031
100.163
97.914
103.002
99.1516
99.587
99.1202
100.245
99.9214
99.7291
100.088
99.7491
100.592
99.1067
101.664
98.3543
99.9393
99.4337
100.066
101.017
98.8367
100.529
100.353
99.8351
100.398
98.706
101.177
99.0898
100.536
100.364
100.122
99.6863
99.9296
99.596
99.8773
101.612
98.3531
100.465
100.128
99.8468
99.9807
99.9222
99.8433
100.673
99.7805
99.9029
99.5887
99.8603
100.144
100.498
99.4276
100.824
99.7488
100.181
99.2564
100.085
100.026
100.015
100.62
99.0227
100.057
100.143
99.8904
99.754
100.543
99.4381
100.448
99.8695
100.402
99.7623
99.9933
99.7585
100.706
99.2166
99.8264
103.255
97.887
99.1233
103.269
100.201
100.146
99.6578
99.1939
100.777
99.6872
99.3777
98.5958
100.988
100.683
99.1319
99.8927
98.5815
102.167
97.7495
101.036
99.5251
99.6279
99.9813
100.723
99.1895
100.444
99.492
99.7184
100.522
100.768
98.4196
100.306
100.446
100.24
99.2328
99.8758
100.016
100.016
102.246
98.4528
99.3449
100.774
99.505
100.268
100.472
99.2975
99.803
100.807
99.3707
100.961
99.6673
99.3923
99.5581
100.45
99.8497
99.6595
100.397
99.8479
100.019
99.9348
99.9244
101.271
98.5522
101.01
99.5214
100.636
98.8683
99.8371
100.724
98.9751
99.749
100.414
99.7326
100.581
99.8482
99.7454
99.8162
99.9625
100.067
100.049
101.071
100.196
99.0936
101.364
99.1729
99.8189
100.841
101.485
100.434
101.068
99.694
96.6358
102.605
99.6148
100.15
98.0895
102.543
99.2444
99.4728
98.155
101.348
100.541
99.7066
99.6137
99.4501
100.643
99.3281
101.306
97.8578
100.16
99.5092
100.737
101.667
97.7532
100.288
99.7492
100.921
101.339
98.3674
100.07
99.4998
100.081
100.218
101.896
97.811
99.8316
101.151
99.8834
99.1324
100.744
98.9398
101.153
98.9406
100.527
99.6062
99.9804
100.013
100.811
99.0863
100.077
99.79
101.092
98.631
101.002
99.6744
99.8028
100.726
99.1286
100.582
99.9815
100.559
99.0758
100.006
99.8641
100.266
100.667
99.7362
99.877
99.4934
100.731
99.285
100.836
98.8667
100.746
99.7704
100.587
99.3359
99.6616
100.42
101.185
99.3214
102.05
99.6291
101.484
99.5379
99.6701
96.4867
101.552
102.125
99.2571
100.439
99.7895
99.3464
100.344
97.8392
99.7987
101.392
100.158
99.3211
101.109
97.8508
103.035
98.8366
98.4268
100.082
99.7286
99.9149
99.8582
99.8818
100.65
99.6513
101.207
99.2514
99.845
99.7616
99.9422
100.316
99.2935
101.226
98.8859
100.902
99.2007
100.14
100.02
99.5133
100.528
99.0609
100.317
100.645
98.7081
100.863
99.0011
100.982
99.113
100.44
99.8513
100.369
99.6171
99.6022
100.123
99.9046
100.469
99.675
100.129
99.7768
101.044
99.1748
99.9059
99.9171
100.992
98.7921
101.19
99.121
101.144
98.6249
100.41
99.5787
100.689
100.042
100.186
100.806
99.3756
101.424
98.6274
99.6679
101.089
101.742
97.5015
100.756
102.53
99.4071
100.585
97.2833
102.127
100.054
97.1568
100.323
102.203
99.8132
99.4717
101.062
97.8622
99.5072
101.169
99.9632
98.5491
101.953
98.1432
100.28
99.8293
100.369
100.199
99.4342
99.9286
99.9934
99.8294
100.064
100.014
99.6444
100.637
99.701
100.413
99.5015
100.866
99.0968
99.9733
100.911
99.1584
99.8866
100.084
100.373
99.9588
100.467
98.8323
101.163
99.6035
100.748
99.5268
99.8749
100.128
99.2377
100.644
100.359
99.0101
100.638
99.6845
99.521
100.94
99.8231
99.2847
101.01
100.51
99.4076
99.3134
100.188
100.569
99.9263
99.0761
101.213
99.3051
99.7575
99.9814
99.7189
99.9807
100.905
99.1454
100.907
100.723
98.9389
99.1485
100.557
102.61
97.3322
103.168
100.147
100.248
99.6627
96.5556
102.993
99.6071
100.095
97.8019
101.564
100.617
99.5506
97.968
101.242
99.9654
99.7623
99.8191
99.1823
101.372
98.8867
99.9222
99.6215
99.9721
100.102
100.063
99.6982
101.215
99.2024
100.588
101.873
97.3878
100.378
99.2106
101.078
99.182
100.067
100.61
99.4425
100.7
98.9436
100.002
100.309
100.809
99.8538
99.2077
100.377
99.5884
100.439
100.232
99.2751
100.417
99.9198
100.722
99.531
99.5374
100.085
100.184
100.447
99.3943
99.8853
100.05
99.96
100.054
99.9489
99.9116
99.8347
100.714
100.268
99.9567
99.4244
100.031
100.06
100.04
99.8492
99.8439
100.402
99.6287
99.873
100.111
99.9902
99.7434
100.144
100.487
101.867
99.3389
100.187
101.617
97.0432
102.653
99.827
100.62
99.1337
98.1115
101.554
99.9618
99.3806
98.2756
101.788
100.402
99.6324
100.051
99.0026
100.075
99.5355
100.145
100.425
100.316
98.5375
100.051
99.9051
100.305
99.4529
100.02
100.103
100.843
99.5637
100.073
100.504
99.1261
99.9628
100.217
101.216
98.9979
99.5562
99.8917
100.831
99.4405
100.532
98.9111
100.419
100.606
99.3418
100.081
99.8758
99.8765
100.315
99.5575
100.266
100.168
99.8015
100.332
100.553
99.3264
100.257
99.7603
100.457
99.3416
99.9804
100.621
99.1632
100.455
99.9662
99.5324
101.027
99.791
99.3385
100.169
100.484
99.4187
100.27
99.9242
99.8695
100.168
99.8015
100.085
100.106
99.6125
101.145
99.624
99.0186
103.71
100.393
96.4634
102.901
99.6504
99.8211
97.4833
102.523
101.093
98.3927
100.097
99.9098
99.6662
99.5678
99.3646
101.898
99.18
99.7392
99.0979
100.189
99.7001
99.6973
99.8032
99.8004
100.864
99.0785
101.012
99.0731
100.062
100.309
99.6579
100.511
99.6597
99.663
100.184
100.097
100.575
99.0365
101.182
98.8116
100.675
100.537
99.0524
100.303
100.567
99.0004
100.92
99.9295
99.307
100.526
99.5985
99.7853
100.992
99.1502
99.7885
99.927
100.168
100.731
99.4308
99.5057
100.597
99.7094
100.558
99.1813
100.833
99.6377
99.5317
100.368
99.8743
100.223
99.7881
100.719
99.2356
100.146
100.349
99.7484
100.556
99.7322
99.7376
100.008
100.231
99.4735
100.486
99.2726
102.891
99.2575
101.605
100.123
100.561
95.6925
103.404
99.2819
100.298
100.855
99.3009
99.3575
100.444
98.2647
101.298
99.6578
98.9902
99.6497
101.644
98.7081
100.809
98.7166
99.8285
99.7655
100.145
99.5113
100.347
99.4833
101.028
99.7887
99.4185
100.535
99.5234
100.16
99.9118
100.05
100.498
99.994
99.9047
99.7859
99.5261
100.113
100.001
100.577
99.3082
100.182
100.742
99.9293
99.6182
99.6436
99.9598
99.9705
100.244
100.288
99.3737
100.249
99.6594
100.4
100.009
100.512
99.3502
99.9927
100.588
99.1197
101.429
98.7013
100.191
99.8914
101.177
99.2755
99.8599
100.383
99.7879
99.4648
100.772
99.6242
100.211
99.4989
99.8831
100.148
100.119
100.46
99.697
100.236
102.191
97.4115
102.474
101.013
99.3657
100.284
99.5743
97.6693
103.082
99.08
99.5768
100.107
99.2702
100.14
99.6186
99.9649
97.6868
100.007
102.319
99.5779
99.589
100.155
99.4006
99.9646
101.771
97.38
100.455
99.6185
99.9159
100.187
99.7374
100.112
99.5189
100.956
99.8164
99.406
100.015
99.5916
100.806
99.2972
101.54
99.0919
99.6759
100.506
99.6299
99.9138
100.559
99.9868
100.06
100.832
99.122
99.9307
100.084
99.9309
100.67
99.3134
100.681
100.055
99.8396
99.6991
99.5694
100.911
99.4752
100.067
100.777
100.154
99.1386
99.8658
99.9074
99.9923
99.8407
100.187
100.842
99.521
99.2546
101.051
99.0041
100.9
99.9483
99.5658
100.141
99.5585
100.273
99.513
100.429
101.17
98.9804
99.579
100.19
103.725
99.7822
99.6024
99.9884
99.7867
99.9365
99.7961
99.7401
100.285
99.2806
98.3263
101.489
100.007
99.6851
100.982
99.1493
99.9647
99.5238
99.7937
99.5476
99.8505
99.9124
99.7563
100.57
99.781
99.7048
99.9574
100.25
100.05
100.601
99.3368
99.7338
100.015
100.788
99.1948
100.061
99.8663
99.754
99.9668
101.291
99.7699
99.041
99.9259
100.339
100.09
99.7174
100.888
99.0986
99.9228
99.9957
100.897
99.3433
100.779
99.2334
99.8564
100.345
99.9574
100.214
99.5832
100.055
99.5622
100.193
100.369
100.588
99.3548
99.7564
99.9754
100.195
100.039
100.32
99.8969
100.325
99.854
99.5882
99.9165
99.9508
100.013
99.7846
100.213
101.845
97.3582
99.5134
99.2759
99.5636
99.4026
99.6502
99.3739
99.8012
100.411
98.9211
99.9209
99.935
100.53
98.9692
100.563
99.9676
98.7671
100.07
99.2656
100.052
99.7958
99.7651
100.127
100.111
99.8281
100.377
99.6367
99.9329
100.13
99.7307
100.08
99.9284
100.411
99.82
100.626
99.997
99.5649
100.289
99.6745
99.3193
100.194
104.139
96.2869
101.693
100.456
100.378
100.112
96.8246
102.941
100.571
96.6025
99.057
100.94
102.015
99.3306
100.06
97.6795
102.904
99.372
99.8372
98.8704
100.241
99.6474
100.692
97.9736
100.193
101.323
99.1344
100.16
99.5034
99.8268
100.266
99.0672
100.97
99.983
99.0631
100.198
99.9947
99.8482
100.182
99.6648
100.607
99.8981
100.441
99.4091
100.331
100.554
98.9517
99.9993
101.499
99.5069
99.7389
99.6647
100.066
100.62
99.3865
100.132
100.495
99.5304
99.9015
100.473
99.8374
99.7042
100.135
99.9159
101.109
99.5747
99.3552
100.618
100.237
99.1597
100.33
99.7312
101.161
99.8537
99.8682
99.2851
100.098
100.624
100.163
98.9326
104.668
96.1802
99.7669
99.7923
99.7677
101.953
99.246
101.295
101.9
99.76
96.6983
102.979
99.5355
100.007
100.183
99.3108
100.33
97.8558
101.222
100.317
99.4722
99.3858
100.605
99.9542
100.173
100.021
99.901
100.626
98.1266
100.185
99.6891
101.442
99.3911
99.6813
99.4296
100.367
99.7136
100.062
100.121
99.8682
101.13
99.0921
99.9725
100.881
98.9756
100.401
99.6772
99.9413
100.024
99.992
99.837
100.073
101.054
98.9811
100.746
99.1409
100.456
100.137
99.6362
99.9416
100.071
100.714
99.0009
99.954
100.217
100.061
100.137
100.588
99.1015
100.187
99.6573
100.358
100.39
100.164
99.5012
99.5979
99.777
100.159
100.074
99.8764
101.078
98.9229
100.425
100.079
99.677
100.046
99.8893
99.8531
105.043
95.7383
103.027
99.5196
100.085
96.9527
102.68
100.103
100.372
97.1809
101.979
99.8175
99.9695
99.1548
99.9991
99.7727
101.126
98.5825
98.9327
100.894
99.0192
100.493
100.264
100.254
99.5576
100.901
99.1768
100.946
98.2531
100.11
100.091
99.8378
100.779
99.9605
100.235
99.3965
99.8002
100.179
99.5034
100.078
101.089
99.1424
99.8059
100.293
100.33
100.28
98.9381
100.401
100.157
99.9701
100.459
100.027
99.5052
100.839
99.3973
100.888
99.493
100.179
100.135
99.4757
100.811
99.0994
100.172
100.059
100.63
99.5156
100.131
100.093
99.8275
101.031
99.6468
99.6989
100.309
99.6245
99.91
100.093
99.8945
100.378
99.8389
103.023
100.824
100.345
99.4154
99.5877
100.116
99.5517
100.843
97.4286
101.394
99.795
99.5494
99.9995
99.5301
100.067
99.9253
99.7918
99.2999
100.653
99.2893
99.803
100.084
101.248
98.2742
99.7503
101.563
99.3677
99.3327
99.8043
99.8698
100.006
99.8374
100.479
100.413
99.8801
99.5274
99.6038
100.913
99.865
99.0783
100.293
100.325
99.9124
99.7916
99.9138
100.154
100.52
100.185
99.044
100.394
100.725
98.7737
100.167
100.21
99.6595
100.359
99.6397
100.507
100.165
99.4837
99.6924
100.257
100.657
99.8403
99.3796
100.417
99.9305
99.8941
100.608
99.88
99.8129
99.6645
99.8692
100.317
99.5512
