1635820631.299937010
1635820631.399781227
1635820631.499624014
1635820631.599470139
1635820631.699317932
1635820631.799967051
1635820631.899804831
1635820631.999646902
1635820632.099487066
1635820632.199326992
1635820632.299965858
1635820632.399792194
1635820632.499638081
1635820632.599474907
1635820632.699331045
1635820632.799973965
1635820632.899802923
1635820632.999634981
1635820633.099471092
1635820633.199310064
1635820633.299952984
1635820633.399800062
1635820633.499629974
1635820633.599464893
1635820633.699302912
1635820633.799951792
1635820633.899796963
1635820633.999649048
1635820634.099475861
1635820634.199299097
1635820634.299927950
1635820634.399749994
1635820634.499588013
1635820634.599426031
1635820634.699653864
1635820634.799486876
1635820634.899320126
1635820634.999972105
1635820635.099797010
1635820635.199630022
1635820635.299458981
1635820635.399302006
1635820635.499936104
1635820635.599772930
1635820635.699622869
1635820635.799457073
1635820635.899300098
1635820635.999944925
1635820636.099783897
1635820636.199610949
1635820636.299454927
1635820636.399293900
1635820636.499934912
1635820636.599781990
1635820636.699628115
1635820636.799465895
1635820636.899321079
1635820636.999958038
1635820637.099799156
1635820637.199635983
1635820637.299477100
1635820637.399322987
1635820637.499955893
1635820637.599802971
1635820637.699636936
1635820637.799461842
1635820637.899296999
1635820637.999931812
1635820638.099765062
1635820638.199610949
1635820638.299446106
1635820638.399292946
1635820638.499930143
1635820638.599775076
1635820638.699623823
1635820638.799453020
1635820638.899677038
1635820638.999507904
1635820639.099352121
1635820639.199983120
1635820639.299825907
1635820639.399670124
1635820639.499510050
1635820639.599345922
1635820639.699977875
1635820639.799844027
1635820639.899682999
1635820639.999514103
1635820640.099363089
1635820640.199608088
1635820640.299457073
1635820640.399290085
1635820640.499922991
1635820640.599749804
1635820640.699604988
1635820640.799443960
1635820640.899290085
1635820640.999945879
1635820641.099781990
1635820641.199616909
1635820641.299451828
1635820641.399300098
1635820641.499941111
1635820641.599787951
1635820641.699626923
1635820641.799451828
1635820641.899282932
1635820641.999934912
1635820642.099761963
1635820642.199608088
1635820642.299446106
1635820642.399677992
1635820642.499520063
1635820642.599353075
1635820642.699599981
1635820642.799440861
1635820642.899679899
1635820642.999511957
1635820643.099354982
1635820643.199986935
1635820643.299836874
1635820643.399688005
1635820643.499525070
1635820643.599359989
1635820643.699607134
1635820643.799457073
1635820643.899302006
1635820643.999944925
1635820644.099781990
1635820644.199619055
1635820644.299461842
1635820644.399310112
1635820644.499936104
1635820644.599769115
1635820644.699619055
1635820644.799453020
1635820644.899285078
1635820644.999917984
1635820645.099741936
1635820645.199580908
1635820645.299422979
1635820645.399662018
1635820645.499503136
1635820645.599338055
1635820645.699958086
1635820645.799804926
1635820645.899641037
1635820645.999495029
1635820646.099333048
1635820646.199973106
1635820646.299815893
1635820646.399654865
1635820646.499495029
1635820646.599344969
1635820646.699992180
1635820646.799846888
1635820646.899685860
1635820646.999525070
1635820647.099369049
1635820647.199610949
1635820647.299450159
1635820647.399286985
1635820647.499922991
1635820647.599762917
1635820647.699604034
1635820647.799432039
1635820647.899670124
1635820647.999523163
1635820648.099364042
1635820648.199607134
1635820648.299448013
1635820648.399286985
1635820648.499923944
1635820648.599771976
1635820648.699610949
1635820648.799430847
1635820648.899279833
1635820648.999912024
1635820649.099756002
1635820649.199598074
1635820649.299439192
1635820649.399675846
1635820649.499504089
1635820649.599344969
1635820649.699977875
1635820649.799821138
1635820649.899648905
1635820649.999483824
1635820650.099320173
1635820650.199961185
1635820650.299798012
1635820650.399643898
1635820650.499489069
1635820650.599323988
1635820650.699977875
1635820650.799823761
1635820650.899660110
1635820650.999502182
1635820651.099349022
1635820651.199994087
1635820651.299821138
1635820651.399667025
1635820651.499504805
1635820651.599353075
1635820651.699601889
1635820651.799441814
1635820651.899286985
1635820651.999917030
1635820652.099737167
1635820652.199574947
1635820652.299427032
1635820652.399661064
1635820652.499499083
1635820652.599336863
1635820652.699983120
1635820652.799815893
1635820652.899671078
1635820652.999497890
1635820653.099320173
1635820653.199961185
1635820653.299811125
1635820653.399642229
1635820653.499482870
1635820653.599311113
1635820653.699949026
1635820653.799791098
1635820653.899626970
1635820653.999469995
1635820654.099284887
1635820654.199918985
1635820654.299751997
1635820654.399595976
1635820654.499444962
1635820654.599289179
1635820654.699934006
1635820654.799767971
1635820654.899606943
1635820654.999449015
1635820655.099678040
1635820655.199527025
1635820655.299370050
1635820655.399610996
1635820655.499450922
1635820655.599300146
1635820655.699944973
1635820655.799786091
1635820655.899632931
1635820655.999473810
1635820656.099298000
1635820656.199937105
1635820656.299769163
1635820656.399616957
1635820656.499459982
1635820656.599308014
1635820656.699959993
1635820656.799802780
1635820656.899633884
1635820656.999464035
1635820657.099283934
1635820657.199934959
1635820657.299758196
1635820657.399597168
1635820657.499440908
1635820657.599282980
1635820657.699923038
1635820657.799758196
1635820657.899597168
1635820657.999430895
1635820658.099668026
1635820658.199489117
1635820658.299319029
1635820658.399953842
1635820658.499802113
1635820658.599654913
1635820658.699496031
1635820658.799344778
1635820658.899984837
1635820658.999834061
1635820659.099658966
1635820659.199494839
1635820659.299335957
1635820659.399980068
1635820659.499814987
1635820659.599664927
1635820659.699506998
1635820659.799357891
1635820659.899605036
1635820659.999454021
1635820660.099287033
1635820660.199920177
1635820660.299782991
1635820660.399616003
1635820660.499444962
1635820660.599290133
1635820660.699937105
1635820660.799781084
1635820660.899619102
1635820660.999462843
1635820661.099301815
1635820661.199942827
1635820661.299784899
1635820661.399627924
1635820661.499472857
1635820661.599327087
1635820661.699965000
1635820661.799788952
1635820661.899610996
1635820661.999434948
1635820662.099674225
1635820662.199518919
1635820662.299371958
1635820662.399616957
1635820662.499459982
1635820662.599301815
1635820662.699932814
1635820662.799769163
1635820662.899600983
1635820662.999434948
1635820663.099668980
1635820663.199527979
1635820663.299365997
1635820663.399602890
1635820663.499429941
1635820663.599666834
1635820663.699511051
1635820663.799344778
1635820663.899990082
1635820663.999833107
1635820664.099658012
1635820664.199487925
1635820664.299322128
1635820664.399973154
1635820664.499819040
1635820664.599654913
1635820664.699501038
1635820664.799350977
1635820664.899991989
1635820664.999816895
1635820665.099654913
1635820665.199477911
1635820665.299314976
1635820665.399966002
1635820665.499813795
1635820665.599658012
1635820665.699480057
1635820665.799309015
1635820665.899941206
1635820665.999782801
1635820666.099612951
1635820666.199465036
1635820666.299301147
1635820666.399925947
1635820666.499771833
1635820666.599599123
1635820666.699441910
1635820666.799280882
1635820666.899917126
1635820666.999760866
1635820667.099596977
1635820667.199429035
1635820667.299674034
1635820667.399494886
1635820667.499333858
1635820667.599972010
1635820667.699829102
1635820667.799665928
1635820667.899505854
1635820667.999351978
1635820668.099974871
1635820668.199805975
1635820668.299638033
1635820668.399487019
1635820668.499320984
1635820668.599967003
1635820668.699810028
1635820668.799659014
1635820668.899495840
1635820668.999346018
1635820669.099977016
1635820669.199803829
1635820669.299647093
1635820669.399492025
1635820669.499315023
1635820669.599946976
1635820669.699802160
1635820669.799642086
1635820669.899471045
1635820669.999315977
1635820670.099961996
1635820670.199805975
1635820670.299649954
1635820670.399497032
1635820670.499333858
1635820670.599973202
1635820670.699820042
1635820670.799658060
1635820670.899511099
1635820670.999365807
1635820671.099600792
1635820671.199455023
1635820671.299290895
1635820671.399922848
1635820671.499771833
1635820671.599621058
1635820671.699466944
1635820671.799319983
1635820671.899974823
1635820671.999819994
1635820672.099652052
1635820672.199484825
1635820672.299321175
1635820672.399963856
1635820672.499799967
1635820672.599644899
1635820672.699471951
1635820672.799315929
1635820672.899970055
1635820672.999806881
1635820673.099634886
1635820673.199463844
1635820673.299304962
1635820673.399935961
1635820673.499773026
1635820673.599602938
1635820673.699440241
1635820673.799281836
1635820673.899921894
1635820673.999761820
1635820674.099579811
1635820674.199416161
1635820674.299652100
1635820674.399484873
1635820674.499325037
1635820674.599964857
1635820674.699806929
1635820674.799630165
1635820674.899461985
1635820674.999311209
1635820675.099952221
1635820675.199792147
1635820675.299642801
1635820675.399461031
1635820675.499298096
1635820675.599946976
1635820675.699792862
1635820675.799632788
1635820675.899482965
1635820675.999320030
1635820676.099946022
1635820676.199792862
1635820676.299604893
1635820676.399438143
1635820676.499673128
1635820676.599519968
1635820676.699365854
1635820676.799984932
1635820676.899831057
1635820676.999667883
1635820677.099499941
1635820677.199333906
1635820677.299958944
1635820677.399799109
1635820677.499624014
1635820677.599447966
1635820677.699301004
1635820677.799934864
1635820677.899761915
1635820677.999600172
1635820678.099428177
1635820678.199661970
1635820678.299499989
1635820678.399354219
1635820678.499600887
1635820678.599450827
1635820678.699674845
1635820678.799514771
1635820678.899356842
1635820678.999992132
1635820679.099818945
1635820679.199660063
1635820679.299486876
1635820679.399333239
1635820679.499971151
1635820679.599813223
1635820679.699663877
1635820679.799489975
1635820679.899321079
1635820679.999951124
1635820680.099775076
1635820680.199625969
1635820680.299470186
1635820680.399307966
1635820680.499933958
1635820680.599779129
1635820680.699608088
1635820680.799447060
1635820680.899286032
1635820680.999927044
1635820681.099766016
1635820681.199608088
1635820681.299458027
1635820681.399296999
1635820681.499938965
1635820681.599768162
1635820681.699616909
1635820681.799441814
1635820681.899677992
1635820681.999530077
1635820682.099370956
1635820682.199616909
1635820682.299464941
1635820682.399307966
1635820682.499954939
1635820682.599797964
1635820682.699640989
1635820682.799484015
1635820682.899333239
1635820682.999963999
1635820683.099801064
1635820683.199654818
1635820683.299502134
1635820683.399343014
1635820683.499979019
1635820683.599822998
1635820683.699673176
1635820683.799516916
1635820683.899368048
1635820683.999608040
1635820684.099443913
1635820684.199284077
1635820684.299932003
1635820684.399783850
1635820684.499624968
1635820684.599468946
1635820684.699305058
1635820684.799941063
1635820684.899785042
1635820684.999632835
1635820685.099471807
1635820685.199320078
1635820685.299965858
1635820685.399817944
1635820685.499656916
1635820685.599505901
1635820685.699329138
1635820685.799961090
1635820685.899792910
1635820685.999621868
1635820686.099450111
1635820686.199300051
1635820686.299927950
1635820686.399764061
1635820686.499598026
1635820686.599442005
1635820686.699674845
1635820686.799517870
1635820686.899358988
1635820686.999603033
1635820687.099428177
1635820687.199670076
1635820687.299515963
1635820687.399351120
1635820687.499976873
1635820687.599810123
1635820687.699656010
1635820687.799489975
1635820687.899342060
1635820687.999976873
1635820688.099802017
1635820688.199649096
1635820688.299495935
1635820688.399339914
1635820688.499973774
1635820688.599817991
1635820688.699661970
1635820688.799499989
1635820688.899338007
1635820688.999973774
1635820689.099807978
1635820689.199635029
1635820689.299482822
1635820689.399322033
1635820689.499950171
1635820689.599791050
1635820689.699631214
1635820689.799467087
1635820689.899304867
1635820689.999943972
1635820690.099772930
1635820690.199615002
1635820690.299457073
1635820690.399295092
1635820690.499931812
1635820690.599765062
1635820690.699604034
1635820690.799448013
1635820690.899288177
1635820690.999922037
1635820691.099759102
1635820691.199600220
1635820691.299444914
1635820691.399674177
1635820691.499531984
1635820691.599381924
1635820691.699625969
1635820691.799463987
1635820691.899301052
1635820691.999920130
1635820692.099756002
1635820692.199581861
1635820692.299422979
1635820692.399653912
1635820692.499472857
1635820692.599311113
1635820692.699956894
1635820692.799790144
1635820692.899630070
1635820692.999462843
1635820693.099308014
1635820693.199947119
1635820693.299784899
1635820693.399637938
1635820693.499462843
1635820693.599296093
1635820693.699932814
1635820693.799772978
1635820693.899611950
1635820693.999439955
1635820694.099658966
1635820694.199501991
1635820694.299343824
1635820694.399997950
1635820694.499845982
1635820694.599689960
1635820694.699546099
1635820694.799381018
1635820694.899636030
1635820694.999478102
1635820695.099301815
1635820695.199941874
1635820695.299786091
1635820695.399620056
1635820695.499466896
1635820695.599317074
1635820695.699951172
1635820695.799797058
1635820695.899636030
1635820695.999489069
1635820696.099328041
1635820696.199956894
1635820696.299801111
1635820696.399632931
1635820696.499461889
1635820696.599301100
1635820696.699947119
1635820696.799797058
1635820696.899615049
1635820696.999473810
1635820697.099297047
1635820697.199941874
1635820697.299774885
1635820697.399618149
1635820697.499461889
1635820697.599297047
1635820697.699934959
1635820697.799769163
1635820697.899621964
1635820697.999464035
1635820698.099313974
1635820698.199956894
1635820698.299798965
1635820698.399623871
1635820698.499466896
1635820698.599314928
1635820698.699952841
1635820698.799802780
1635820698.899627924
1635820698.999475956
1635820699.099292994
1635820699.199913979
1635820699.299749851
1635820699.399589777
1635820699.499444962
1635820699.599671125
1635820699.699527025
1635820699.799365044
1635820699.899616003
1635820699.999445915
1635820700.099282026
1635820700.199923038
1635820700.299755096
1635820700.399594069
1635820700.499413967
1635820700.599644899
1635820700.699479103
1635820700.799321175
1635820700.899952173
1635820700.999787092
1635820701.099616051
1635820701.199444056
1635820701.299287081
1635820701.399917126
1635820701.499754906
1635820701.599602938
1635820701.699445009
1635820701.799293995
1635820701.899927139
1635820701.999759912
1635820702.099592924
1635820702.199431896
1635820702.299664974
1635820702.399532080
1635820702.499381065
1635820702.599630117
1635820702.699491024
1635820702.799331188
1635820702.899962902
1635820702.999802113
1635820703.099636078
1635820703.199479103
1635820703.299324989
1635820703.399971008
1635820703.499802113
1635820703.599630117
1635820703.699463844
1635820703.799301147
1635820703.899930954
1635820703.999774933
1635820704.099606991
1635820704.199434996
1635820704.299675941
1635820704.399519920
1635820704.499374151
1635820704.599620104
1635820704.699465990
1635820704.799308062
1635820704.899939060
1635820704.999758005
1635820705.099600792
1635820705.199435949
1635820705.299673080
1635820705.399515867
1635820705.499365807
1635820705.599617004
1635820705.699463844
1635820705.799301863
1635820705.899952888
1635820705.999791145
1635820706.099613905
1635820706.199440956
1635820706.299664974
1635820706.399502039
1635820706.499347925
1635820706.599602938
1635820706.699445963
1635820706.799290180
1635820706.899930000
1635820706.999768972
1635820707.099584103
1635820707.199411869
1635820707.299649954
1635820707.399493933
1635820707.499330997
1635820707.599973202
1635820707.699813128
1635820707.799649954
1635820707.899483919
1635820707.999325037
1635820708.099966049
1635820708.199803829
1635820708.299640179
1635820708.399471045
1635820708.499302864
1635820708.599954844
1635820708.699800014
1635820708.799649954
1635820708.899480104
1635820708.999311209
1635820709.099950075
1635820709.199782848
1635820709.299632788
1635820709.399453878
1635820709.499289036
1635820709.599925995
1635820709.699754953
1635820709.799597025
1635820709.899440050
1635820709.999282837
1635820710.099917173
1635820710.199756145
1635820710.299597025
1635820710.399435043
1635820710.499674797
1635820710.599502087
1635820710.699342012
1635820710.799981117
1635820710.899823189
1635820710.999663115
1635820711.099513054
1635820711.199352980
1635820711.299602032
1635820711.399450064
1635820711.499284029
1635820711.599919081
1635820711.699757099
1635820711.799597979
1635820711.899421930
1635820711.999650002
1635820712.099478006
1635820712.199317932
1635820712.299957991
1635820712.399790049
1635820712.499642849
1635820712.599483967
1635820712.699331045
1635820712.799960136
1635820712.899806976
1635820712.999652147
1635820713.099478006
1635820713.199319124
1635820713.299942970
1635820713.399771929
1635820713.499624014
1635820713.599459171
1635820713.699289083
1635820713.799925089
1635820713.899771929
1635820713.999610186
1635820714.099446058
1635820714.199280024
1635820714.299921989
1635820714.399766922
1635820714.499597073
1635820714.599443913
1635820714.699285030
1635820714.799909830
1635820714.899755955
1635820714.999593973
1635820715.099430799
1635820715.199666023
1635820715.299505949
1635820715.399327993
1635820715.499969006
1635820715.599817991
1635820715.699656963
1635820715.799500942
1635820715.899331093
1635820715.999962807
1635820716.099781036
1635820716.199610949
1635820716.299440861
1635820716.399667978
1635820716.499496937
1635820716.599334955
1635820716.699982166
1635820716.799813986
1635820716.899653196
1635820716.999490023
1635820717.099321127
1635820717.199959040
1635820717.299809933
1635820717.399648905
1635820717.499486923
1635820717.599328995
1635820717.699969053
1635820717.799812078
1635820717.899655819
1635820717.999493837
1635820718.099327087
1635820718.199965954
1635820718.299797058
1635820718.399629116
1635820718.499464035
1635820718.599307060
1635820718.699951172
1635820718.799795866
1635820718.899613857
1635820718.999464035
1635820719.099303007
1635820719.199949026
1635820719.299784899
1635820719.399621964
1635820719.499464035
1635820719.599297047
1635820719.699938059
1635820719.799792051
1635820719.899642944
1635820719.999478102
1635820720.099318027
1635820720.199970007
1635820720.299802065
1635820720.399644852
1635820720.499486923
1635820720.599303007
1635820720.699928999
1635820720.799763918
1635820720.899605989
1635820720.999466896
1635820721.099297047
1635820721.199910879
1635820721.299759150
1635820721.399584055
1635820721.499429941
1635820721.599655867
1635820721.699501991
1635820721.799352169
1635820721.899993181
1635820721.999833107
1635820722.099658012
1635820722.199508905
1635820722.299329042
1635820722.399966955
1635820722.499819040
1635820722.599661112
1635820722.699501991
1635820722.799333096
1635820722.899972200
1635820722.999804974
1635820723.099654913
1635820723.199506998
1635820723.299353123
1635820723.399990082
1635820723.499844074
1635820723.599700928
1635820723.699535131
1635820723.799361944
1635820723.899610996
1635820723.999450207
1635820724.099280834
1635820724.199927092
1635820724.299780130
1635820724.399619102
1635820724.499459028
1635820724.599289179
1635820724.699909925
1635820724.799759865
1635820724.899601936
1635820724.999437094
1635820725.099664927
1635820725.199508905
1635820725.299354076
1635820725.399994135
1635820725.499839067
1635820725.599668026
1635820725.699507952
1635820725.799346924
1635820725.899983168
1635820725.999805927
1635820726.099644899
1635820726.199472904
1635820726.299319983
1635820726.399956942
1635820726.499814987
1635820726.599655867
1635820726.699505806
1635820726.799344063
1635820726.899974823
1635820726.999816895
1635820727.099661112
1635820727.199505806
1635820727.299359083
1635820727.399602890
1635820727.499441862
1635820727.599303007
1635820727.699952126
1635820727.799793005
1635820727.899632931
1635820727.999488115
1635820728.099322796
1635820728.199952841
1635820728.299791098
1635820728.399636030
1635820728.499475002
1635820728.599324942
1635820728.699970007
1635820728.799823046
1635820728.899667025
1635820728.999514103
1635820729.099339962
1635820729.199975014
1635820729.299808979
1635820729.399646997
1635820729.499483824
1635820729.599334955
1635820729.699986935
1635820729.799829006
1635820729.899682999
1635820729.999527931
1635820730.099360943
1635820730.199614048
1635820730.299471855
1635820730.399309158
1635820730.499943018
1635820730.599772930
1635820730.699602842
1635820730.799441814
1635820730.899288177
1635820730.999927998
1635820731.099765062
1635820731.199597120
1635820731.299432993
1635820731.399286985
1635820731.499931812
1635820731.599780083
1635820731.699615002
1635820731.799460173
1635820731.899290085
1635820731.999934912
1635820732.099749088
1635820732.199586153
1635820732.299440145
1635820732.399280787
1635820732.499919176
1635820732.599751949
1635820732.699593067
1635820732.799432993
1635820732.899283886
1635820732.999912977
1635820733.099741936
1635820733.199588060
1635820733.299422979
1635820733.399657965
1635820733.499511003
1635820733.599352121
1635820733.699986935
1635820733.799813986
1635820733.899661064
1635820733.999503136
1635820734.099342108
1635820734.199975014
1635820734.299807072
1635820734.399642944
1635820734.499476910
1635820734.599329948
1635820734.699948072
1635820734.799779177
1635820734.899634838
1635820734.999493122
1635820735.099323988
1635820735.199970007
1635820735.299808979
1635820735.399640083
1635820735.499482870
1635820735.599311829
1635820735.699959993
1635820735.799787998
1635820735.899627924
1635820735.999464989
1635820736.099303007
1635820736.199931860
1635820736.299760103
1635820736.399591923
1635820736.499423981
1635820736.599651098
1635820736.699487925
1635820736.799329042
1635820736.899984837
1635820736.999818087
1635820737.099650145
1635820737.199493885
1635820737.299342155
1635820737.399967909
1635820737.499818087
1635820737.599663019
1635820737.699487925
1635820737.799329996
1635820737.899960995
1635820737.999799013
1635820738.099636078
1635820738.199486017
1635820738.299322844
1635820738.399955988
1635820738.499799967
1635820738.599640131
1635820738.699477911
1635820738.799318075
1635820738.899950027
1635820738.999787092
1635820739.099623919
1635820739.199472904
1635820739.299315929
1635820739.399952888
1635820739.499788046
1635820739.599640131
1635820739.699476957
1635820739.799319029
1635820739.899951220
1635820739.999801159
1635820740.099632025
1635820740.199465036
1635820740.299302816
1635820740.399951935
1635820740.499787092
1635820740.599631786
1635820740.699465036
1635820740.799301863
1635820740.899955034
1635820740.999787092
1635820741.099608183
1635820741.199449062
1635820741.299301147
1635820741.399940014
1635820741.499780178
1635820741.599623919
1635820741.699459076
1635820741.799298048
1635820741.899930954
1635820741.999763966
1635820742.099601984
1635820742.199445009
1635820742.299672127
1635820742.399515867
1635820742.499346972
1635820742.599975824
1635820742.699806929
1635820742.799653053
1635820742.899494886
1635820742.999336004
1635820743.099961042
1635820743.199795961
1635820743.299649000
1635820743.399503946
1635820743.499363184
1635820743.599605083
1635820743.699456930
1635820743.799301147
1635820743.899936914
1635820743.999794006
1635820744.099626064
1635820744.199465990
1635820744.299294949
1635820744.399925947
1635820744.499778986
1635820744.599601984
1635820744.699441910
1635820744.799673080
1635820744.899515867
1635820744.999343157
1635820745.099977016
1635820745.199815989
1635820745.299654007
1635820745.399486065
1635820745.499312878
1635820745.599951029
1635820745.699791193
1635820745.799624920
1635820745.899456978
1635820745.999299049
1635820746.099930763
1635820746.199779987
1635820746.299617052
1635820746.399466991
1635820746.499309063
1635820746.599953890
1635820746.699789047
1635820746.799627066
1635820746.899442911
1635820746.999673128
1635820747.099493980
1635820747.199331045
1635820747.299957991
1635820747.399802208
1635820747.499631166
1635820747.599483967
1635820747.699323893
1635820747.799964905
1635820747.899806023
1635820747.999642849
1635820748.099474907
1635820748.199322224
1635820748.299968958
1635820748.399806976
1635820748.499632835
1635820748.599463940
1635820748.699298143
1635820748.799937010
1635820748.899768114
1635820748.999610901
1635820749.099464893
1635820749.199295044
1635820749.299936056
1635820749.399773836
1635820749.499596119
1635820749.599445105
1635820749.699670076
1635820749.799503803
1635820749.899332047
1635820749.999969006
1635820750.099808931
1635820750.199643850
1635820750.299471855
1635820750.399312973
1635820750.499948025
1635820750.599797010
1635820750.699638128
1635820750.799484015
1635820750.899341106
1635820750.999984026
1635820751.099820137
1635820751.199674845
1635820751.299504042
1635820751.399337053
1635820751.499964952
1635820751.599802017
1635820751.699645996
1635820751.799489021
1635820751.899323940
1635820751.999962807
1635820752.099800110
1635820752.199639082
1635820752.299470186
1635820752.399291992
1635820752.499941826
1635820752.599792957
1635820752.699636936
1635820752.799468994
1635820752.899321079
1635820752.999962807
1635820753.099793911
1635820753.199639082
1635820753.299475908
1635820753.399333239
1635820753.499957085
1635820753.599792242
1635820753.699629068
1635820753.799461842
1635820753.899312019
1635820753.999948025
1635820754.099784851
1635820754.199616909
1635820754.299463987
1635820754.399293900
1635820754.499938965
1635820754.599765062
1635820754.699615002
1635820754.799462795
1635820754.899307966
1635820754.999945879
1635820755.099771976
1635820755.199600935
1635820755.299427986
1635820755.399665833
1635820755.499514103
1635820755.599348068
1635820755.699983835
1635820755.799825907
1635820755.899662018
1635820755.999509096
1635820756.099343777
1635820756.199980974
1635820756.299834013
1635820756.399667025
1635820756.499502182
1635820756.599341154
1635820756.699983835
1635820756.799818993
1635820756.899662018
1635820756.999499083
1635820757.099332094
1635820757.199966908
1635820757.299802065
1635820757.399633884
1635820757.499488115
1635820757.599333048
1635820757.699972153
1635820757.799811125
1635820757.899632931
1635820757.999465942
1635820758.099304914
1635820758.199937105
1635820758.299781799
1635820758.399631023
1635820758.499464989
1635820758.599305868
1635820758.699948072
1635820758.799790144
1635820758.899632931
1635820758.999469042
1635820759.099321127
1635820759.199959040
1635820759.299813032
1635820759.399667025
1635820759.499500990
1635820759.599344015
1635820759.699975967
1635820759.799838066
1635820759.899682045
1635820759.999521017
1635820760.099354982
1635820760.199992180
1635820760.299838066
1635820760.399688959
1635820760.499527931
1635820760.599367857
1635820760.699995995
1635820760.799847841
1635820760.899686813
1635820760.999536037
1635820761.099375010
1635820761.199611902
1635820761.299449205
1635820761.399281979
1635820761.499922991
1635820761.599763870
1635820761.699609995
1635820761.799457073
1635820761.899300098
1635820761.999941111
1635820762.099773884
1635820762.199620008
1635820762.299447060
1635820762.399285078
1635820762.499930859
1635820762.599758148
1635820762.699590921
1635820762.799422026
1635820762.899674177
1635820762.999520063
1635820763.099344969
1635820763.199987888
1635820763.299828053
1635820763.399657965
1635820763.499503136
1635820763.599353075
1635820763.699997902
1635820763.799829960
1635820763.899677038
1635820763.999527931
1635820764.099373102
1635820764.199620008
1635820764.299474955
1635820764.399320126
1635820764.499971151
1635820764.599818945
1635820764.699671030
1635820764.799504995
1635820764.899334908
1635820764.999969959
1635820765.099786997
1635820765.199639082
1635820765.299477100
1635820765.399318933
1635820765.499968052
1635820765.599810123
1635820765.699636936
1635820765.799488068
1635820765.899333954
1635820765.999969006
1635820766.099792957
1635820766.199640036
1635820766.299475908
1635820766.399309158
1635820766.499950171
1635820766.599786997
1635820766.699632168
1635820766.799467087
1635820766.899311066
1635820766.999957085
1635820767.099797964
1635820767.199640989
1635820767.299451828
1635820767.399293900
1635820767.499933958
1635820767.599758148
1635820767.699594975
1635820767.799429178
1635820767.899660110
1635820767.999500990
1635820768.099328995
1635820768.199968100
1635820768.299814939
1635820768.399653196
1635820768.499497890
1635820768.599334002
1635820768.699965954
1635820768.799808025
1635820768.899662018
1635820768.999513149
1635820769.099349022
1635820769.199983120
1635820769.299832106
1635820769.399665833
1635820769.499490023
1635820769.599329948
1635820769.699961185
1635820769.799793005
1635820769.899627924
1635820769.999461174
1635820770.099290133
1635820770.199921846
1635820770.299760103
1635820770.399595976
1635820770.499440908
1635820770.599671125
1635820770.699512005
1635820770.799360991
1635820770.899611950
1635820770.999450207
1635820771.099297047
1635820771.199934959
1635820771.299787045
1635820771.399630070
1635820771.499471903
1635820771.599323988
1635820771.699959993
1635820771.799804926
1635820771.899631023
1635820771.999459982
1635820772.099301100
1635820772.199939013
1635820772.299760818
1635820772.399602890
1635820772.499450207
1635820772.599291801
1635820772.699937105
1635820772.799774885
1635820772.899597168
1635820772.999438047
1635820773.099280834
1635820773.199917078
1635820773.299762964
1635820773.399602890
1635820773.499452829
1635820773.599305868
1635820773.699944973
1635820773.799794912
1635820773.899636984
1635820773.999476910
1635820774.099293947
1635820774.199937105
1635820774.299770832
1635820774.399622917
1635820774.499469042
1635820774.599314928
1635820774.699952126
1635820774.799786091
1635820774.899626017
1635820774.999439001
1635820775.099678040
1635820775.199520111
1635820775.299357891
1635820775.399606943
1635820775.499441862
1635820775.599282026
1635820775.699903011
1635820775.799749851
1635820775.899601936
1635820775.999450207
1635820776.099296093
1635820776.199934959
1635820776.299781084
1635820776.399609089
1635820776.499458075
1635820776.599294901
1635820776.699937105
1635820776.799781799
1635820776.899612904
1635820776.999447107
1635820777.099290133
1635820777.199928045
1635820777.299763918
1635820777.399608135
1635820777.499454021
1635820777.599286079
1635820777.699924946
1635820777.799766064
1635820777.899605036
1635820777.999448061
1635820778.099678040
1635820778.199503183
1635820778.299343824
1635820778.399976969
1635820778.499830008
1635820778.599665880
1635820778.699498892
1635820778.799322844
1635820778.899962902
1635820778.999808073
1635820779.099648952
1635820779.199505806
1635820779.299347878
1635820779.399988890
1635820779.499832153
1635820779.599674225
1635820779.699521065
1635820779.799373150
1635820779.899613857
1635820779.999451876
1635820780.099674940
1635820780.199505806
1635820780.299354792
1635820780.399976969
1635820780.499827862
1635820780.599663019
1635820780.699503183
1635820780.799356937
1635820780.899993181
1635820780.999837875
1635820781.099666834
1635820781.199515820
1635820781.299361944
1635820781.399996996
1635820781.499832153
1635820781.599654913
1635820781.699493170
1635820781.799335957
1635820781.899958134
1635820781.999784946
1635820782.099621058
1635820782.199472189
1635820782.299290180
1635820782.399943829
1635820782.499781847
1635820782.599601984
1635820782.699429989
1635820782.799675941
1635820782.899512053
1635820782.999360085
1635820783.099994898
1635820783.199851990
1635820783.299690962
1635820783.399533033
1635820783.499372959
1635820783.599619150
1635820783.699462891
1635820783.799309969
1635820783.899934053
1635820783.999763012
1635820784.099586964
1635820784.199431896
1635820784.299659014
1635820784.399493217
1635820784.499330997
1635820784.599964857
1635820784.699801207
1635820784.799623013
1635820784.899469137
1635820784.999303818
1635820785.099929094
1635820785.199760914
1635820785.299600840
1635820785.399439096
1635820785.499665976
1635820785.599512100
1635820785.699343204
1635820785.799992085
1635820785.899842978
1635820785.999680996
1635820786.099518061
1635820786.199344873
1635820786.299968004
1635820786.399799109
1635820786.499648094
1635820786.599481106
1635820786.699314833
1635820786.799952984
1635820786.899788141
1635820786.999621868
1635820787.099459171
1635820787.199301004
1635820787.299951077
1635820787.399792194
1635820787.499639988
1635820787.599467993
1635820787.699301958
1635820787.799941063
1635820787.899781227
1635820787.999608994
1635820788.099445105
1635820788.199664831
1635820788.299495935
1635820788.399341106
1635820788.499978065
1635820788.599818945
1635820788.699661016
1635820788.799499035
1635820788.899334908
1635820788.999968052
1635820789.099797010
1635820789.199645996
1635820789.299474001
1635820789.399311066
1635820789.499955893
1635820789.599813223
1635820789.699654818
1635820789.799494982
1635820789.899337053
1635820789.999965906
1635820790.099786997
1635820790.199625969
1635820790.299464941
1635820790.399303913
1635820790.499941111
1635820790.599779129
1635820790.699612856
1635820790.799443960
1635820790.899677038
1635820790.999506950
1635820791.099334955
1635820791.199980021
1635820791.299812078
1635820791.399657965
1635820791.499507904
1635820791.599349976
1635820791.699979067
1635820791.799803972
1635820791.899642944
1635820791.999479055
1635820792.099305868
1635820792.199941874
1635820792.299787045
1635820792.399621010
1635820792.499465942
1635820792.599307060
1635820792.699954033
1635820792.799788952
1635820792.899640083
1635820792.999476910
1635820793.099297047
1635820793.199944019
1635820793.299798012
1635820793.399639130
1635820793.499475002
1635820793.599311829
1635820793.699954033
1635820793.799783945
1635820793.899625063
1635820793.999461889
1635820794.099283934
1635820794.199924946
1635820794.299762011
1635820794.399608135
1635820794.499452829
1635820794.599297047
1635820794.699931860
1635820794.799774885
1635820794.899584055
1635820794.999420881
1635820795.099663973
1635820795.199504852
1635820795.299360991
1635820795.399986982
1635820795.499834061
1635820795.599666834
1635820795.699508905
1635820795.799347878
1635820795.899986982
1635820795.999834776
1635820796.099671125
1635820796.199521065
1635820796.299361944
1635820796.399991989
1635820796.499834061
1635820796.599692106
1635820796.699527025
1635820796.799365044
1635820796.899606943
1635820796.999444962
1635820797.099293947
1635820797.199940205
1635820797.299769163
1635820797.399610996
1635820797.499451876
1635820797.599284887
1635820797.699918032
1635820797.799777985
1635820797.899626017
1635820797.999464035
1635820798.099294901
1635820798.199923992
1635820798.299771786
1635820798.399619102
1635820798.499444008
1635820798.599672079
1635820798.699511051
1635820798.799363136
1635820798.899995804
1635820798.999848843
1635820799.099697828
1635820799.199536800
1635820799.299374104
1635820799.399616957
1635820799.499459982
1635820799.599304914
1635820799.699942827
1635820799.799794912
1635820799.899626017
1635820799.999464035
1635820800.099297047
1635820800.199931860
1635820800.299781799
1635820800.399620056
1635820800.499465942
1635820800.599303007
1635820800.699940205
1635820800.799787998
1635820800.899632215
1635820800.999475002
1635820801.099293947
1635820801.199947119
1635820801.299795866
1635820801.399637938
1635820801.499479055
1635820801.599318981
1635820801.699944019
1635820801.799793959
1635820801.899641037
1635820801.999478102
1635820802.099312067
1635820802.199945927
1635820802.299781799
1635820802.399625063
1635820802.499462843
1635820802.599321127
1635820802.699977875
1635820802.799825907
1635820802.899663210
1635820802.999514818
1635820803.099329948
1635820803.199975014
1635820803.299808979
1635820803.399661064
1635820803.499495029
1635820803.599328041
1635820803.699973822
1635820803.799816847
1635820803.899667025
1635820803.999523163
1635820804.099364042
1635820804.199992180
1635820804.299834013
1635820804.399684191
1635820804.499528885
1635820804.599375010
1635820804.699609041
1635820804.799454927
1635820804.899290085
1635820804.999930859
1635820805.099761963
1635820805.199612856
1635820805.299443960
1635820805.399667025
1635820805.499507904
1635820805.599352121
1635820805.699984789
1635820805.799815893
1635820805.899660110
1635820805.999509096
1635820806.099349022
1635820806.199986935
1635820806.299845219
1635820806.399684191
1635820806.499521971
1635820806.599365234
1635820806.699599981
1635820806.799450159
1635820806.899286032
1635820806.999931812
1635820807.099766016
1635820807.199604034
1635820807.299457073
1635820807.399290085
1635820807.499940157
1635820807.599784851
1635820807.699621916
1635820807.799461126
1635820807.899289131
1635820807.999933958
1635820808.099790096
1635820808.199642897
1635820808.299491167
1635820808.399330139
1635820808.499982119
1635820808.599823952
1635820808.699657917
1635820808.799510002
1635820808.899339914
1635820808.999989033
1635820809.099833012
1635820809.199668884
1635820809.299520969
1635820809.399351120
1635820809.499983788
1635820809.599832058
1635820809.699674129
1635820809.799509048
1635820809.899346828
1635820809.999982119
1635820810.099824905
1635820810.199660063
1635820810.299523115
1635820810.399348974
1635820810.499983788
1635820810.599811077
1635820810.699649096
1635820810.799478054
1635820810.899313927
1635820810.999950171
1635820811.099791050
1635820811.199623823
1635820811.299451828
1635820811.399289131
1635820811.499936104
1635820811.599781036
1635820811.699635983
1635820811.799482822
1635820811.899312019
1635820811.999952793
1635820812.099801064
1635820812.199664831
1635820812.299520969
1635820812.399365187
1635820812.499610186
1635820812.599450827
1635820812.699293852
1635820812.799934864
1635820812.899781942
1635820812.999607086
1635820813.099445105
1635820813.199300051
1635820813.299943924
1635820813.399792910
1635820813.499621153
1635820813.599450111
1635820813.699285030
1635820813.799919128
1635820813.899757147
1635820813.999589205
1635820814.099419832
1635820814.199654818
1635820814.299502134
1635820814.399344206
1635820814.499982119
1635820814.599817038
1635820814.699653864
1635820814.799499035
1635820814.899338007
1635820814.999974966
1635820815.099822998
1635820815.199664116
1635820815.299506903
1635820815.399339914
1635820815.499986887
1635820815.599831104
1635820815.699666023
1635820815.799498081
1635820815.899337053
1635820815.999979019
1635820816.099814892
1635820816.199649096
1635820816.299489021
1635820816.399338007
1635820816.499968052
1635820816.599790096
1635820816.699638128
1635820816.799478054
1635820816.899297953
1635820816.999948025
1635820817.099789143
1635820817.199616909
1635820817.299461126
1635820817.399300098
1635820817.499934912
1635820817.599776983
1635820817.699610949
1635820817.799429893
1635820817.899662018
1635820817.999514818
1635820818.099360943
1635820818.199604988
1635820818.299440145
1635820818.399290085
1635820818.499927998
1635820818.599754095
1635820818.699578047
1635820818.799420834
1635820818.899662018
1635820818.999489069
1635820819.099303961
1635820819.199940205
1635820819.299784899
1635820819.399622917
1635820819.499461174
1635820819.599304914
1635820819.699939013
1635820819.799777985
1635820819.899629116
1635820819.999454021
1635820820.099280834
1635820820.199923992
1635820820.299762964
1635820820.399602890
1635820820.499436140
1635820820.599673033
1635820820.699511051
1635820820.799346924
1635820820.899995804
1635820820.999842167
1635820821.099674940
1635820821.199517012
1635820821.299347878
1635820821.399990082
1635820821.499851942
1635820821.599688053
1635820821.699536800
1635820821.799371004
1635820821.899602890
1635820821.999439955
1635820822.099673033
1635820822.199517012
1635820822.299355984
1635820822.399987936
1635820822.499824047
1635820822.599679947
1635820822.699528933
1635820822.799367905
1635820822.899619102
1635820822.999472857
1635820823.099300146
1635820823.199945927
1635820823.299777031
1635820823.399616003
1635820823.499471188
1635820823.599308014
1635820823.699944019
1635820823.799786091
1635820823.899615049
1635820823.999444008
1635820824.099674940
1635820824.199517012
1635820824.299359083
1635820824.399998903
1635820824.499829054
1635820824.599666834
1635820824.699500084
1635820824.799339056
1635820824.899972200
1635820824.999811172
1635820825.099653006
1635820825.199486971
1635820825.299308062
1635820825.399945021
1635820825.499788046
1635820825.599629164
1635820825.699454069
1635820825.799309969
1635820825.899945974
1635820825.999798059
1635820826.099644899
1635820826.199507952
1635820826.299347878
1635820826.399986029
1635820826.499834061
1635820826.599663019
1635820826.699498892
1635820826.799340010
1635820826.899976969
1635820826.999813795
1635820827.099640131
1635820827.199496984
1635820827.299338102
1635820827.399984121
1635820827.499818087
1635820827.599645853
1635820827.699496031
1635820827.799344063
1635820827.899986982
1635820827.999825001
1635820828.099675894
1635820828.199503899
1635820828.299338102
1635820828.399960041
1635820828.499804020
1635820828.599653006
1635820828.699494839
1635820828.799325943
1635820828.899976015
1635820828.999799967
1635820829.099654913
1635820829.199486971
1635820829.299324989
1635820829.399969101
1635820829.499808073
1635820829.599638939
1635820829.699476957
1635820829.799309969
1635820829.899940014
1635820829.999774933
1635820830.099601984
1635820830.199437141
1635820830.299283028
1635820830.399928093
1635820830.499766111
1635820830.599605083
1635820830.699449062
1635820830.799287081
1635820830.899920940
1635820830.999745131
1635820831.099565983
1635820831.199409962
1635820831.299651146
1635820831.399502993
1635820831.499347925
1635820831.599982023
1635820831.699829102
1635820831.799670935
1635820831.899521112
1635820831.999351978
1635820832.099992990
1635820832.199833155
1635820832.299668074
1635820832.399514198
1635820832.499361992
1635820832.599991083
1635820832.699829102
1635820832.799662113
1635820832.899500132
1635820832.999339104
1635820833.099971056
1635820833.199802876
1635820833.299641132
1635820833.399502993
1635820833.499343157
1635820833.599992990
1635820833.699827909
1635820833.799656868
1635820833.899495840
1635820833.999319077
1635820834.099964857
1635820834.199820042
1635820834.299656868
1635820834.399487972
1635820834.499340057
1635820834.599994183
1635820834.699830055
1635820834.799668074
1635820834.899500132
1635820834.999351025
1635820835.099974871
1635820835.199813128
1635820835.299649000
1635820835.399491072
1635820835.499330997
1635820835.599971056
1635820835.699812174
1635820835.799648046
1635820835.899481058
1635820835.999316931
1635820836.099946976
1635820836.199799061
1635820836.299644947
1635820836.399487972
1635820836.499323845
1635820836.599949121
1635820836.699790001
1635820836.799621105
1635820836.899463892
1635820836.999301195
1635820837.099951029
1635820837.199781895
1635820837.299623013
1635820837.399451971
1635820837.499292850
1635820837.599930048
1635820837.699770212
1635820837.799623966
1635820837.899467945
1635820837.999310017
1635820838.099919081
1635820838.199746132
1635820838.299580812
1635820838.399424076
1635820838.499666929
1635820838.599509954
1635820838.699355841
1635820838.799603939
1635820838.899446964
1635820838.999284983
1635820839.099923849
1635820839.199749947
1635820839.299592018
1635820839.399435043
1635820839.499673128
1635820839.599511147
1635820839.699357986
1635820839.799998045
1635820839.899847031
1635820839.999672174
1635820840.099511147
1635820840.199351072
1635820840.299612999
1635820840.399443865
1635820840.499284983
1635820840.599923849
1635820840.699754000
1635820840.799593925
1635820840.899439096
1635820840.999281883
1635820841.099914074
1635820841.199748039
1635820841.299588203
1635820841.399439812
1635820841.499674797
1635820841.599512100
1635820841.699337006
1635820841.799972057
1635820841.899820089
1635820841.999655008
1635820842.099491119
1635820842.199341059
1635820842.299957991
1635820842.399797916
1635820842.499631166
1635820842.599467993
1635820842.699310064
1635820842.799968958
1635820842.899803877
1635820842.999635935
1635820843.099467039
1635820843.199286938
1635820843.299926043
1635820843.399768114
1635820843.499599218
1635820843.599439144
1635820843.699677944
1635820843.799535036
1635820843.899383068
1635820843.999622822
1635820844.099446058
1635820844.199285984
1635820844.299934864
1635820844.399785042
1635820844.499629974
1635820844.599478006
1635820844.699319124
1635820844.799964905
1635820844.899823189
1635820844.999666929
1635820845.099491119
1635820845.199326992
1635820845.299961090
1635820845.399811029
1635820845.499638081
1635820845.599478006
1635820845.699326992
1635820845.799962997
1635820845.899799109
1635820845.999638081
1635820846.099471807
1635820846.199309111
1635820846.299957991
1635820846.399796963
1635820846.499655962
1635820846.599485874
1635820846.699320078
1635820846.799951077
1635820846.899775028
1635820846.999618053
1635820847.099460125
1635820847.199298143
1635820847.299941063
1635820847.399781227
1635820847.499622822
1635820847.599450827
1635820847.699674845
1635820847.799517870
1635820847.899355888
1635820847.999611855
1635820848.099432945
1635820848.199673176
1635820848.299525976
1635820848.399383068
1635820848.499613047
1635820848.599461794
1635820848.699306965
1635820848.799960136
1635820848.899786949
1635820848.999634027
1635820849.099470139
1635820849.199319124
1635820849.299957037
1635820849.399796009
1635820849.499625921
1635820849.599473000
1635820849.699307919
1635820849.799951077
1635820849.899789095
1635820849.999629974
1635820850.099474907
1635820850.199323893
1635820850.299961090
1635820850.399803877
1635820850.499652147
1635820850.599484921
1635820850.699333906
1635820850.799977064
1635820850.899816990
1635820850.999655962
1635820851.099478006
1635820851.199313879
1635820851.299952984
1635820851.399791002
1635820851.499642849
1635820851.599484921
1635820851.699330091
1635820851.799977064
1635820851.899810076
1635820851.999657869
1635820852.099478960
1635820852.199324846
1635820852.299973011
1635820852.399814844
1635820852.499653816
1635820852.599493027
1635820852.699331045
1635820852.799963951
1635820852.899800062
1635820852.999639034
1635820853.099478006
1635820853.199334860
1635820853.299973011
1635820853.399804831
1635820853.499653101
1635820853.599498987
1635820853.699352980
1635820853.799992085
1635820853.899832010
1635820853.999670029
1635820854.099504948
1635820854.199338913
1635820854.299982071
1635820854.399837017
1635820854.499679089
1635820854.599524021
1635820854.699364185
1635820854.799603939
1635820854.899455070
1635820854.999290228
1635820855.099925995
1635820855.199770212
1635820855.299612999
1635820855.399456978
1635820855.499298096
1635820855.599935055
1635820855.699782848
1635820855.799621105
1635820855.899442911
1635820855.999677896
1635820856.099522114
1635820856.199362040
1635820856.299604893
1635820856.399457932
1635820856.499292850
1635820856.599912882
1635820856.699758053
1635820856.799585104
1635820856.899418831
1635820856.999645948
1635820857.099483967
1635820857.199324846
1635820857.299962997
1635820857.399796009
1635820857.499634027
1635820857.599473000
1635820857.699320078
1635820857.799956083
1635820857.899795055
1635820857.999627113
1635820858.099445105
1635820858.199677944
1635820858.299520969
1635820858.399365902
1635820858.499611855
1635820858.599442005
1635820858.699677944
1635820858.799516916
1635820858.899356842
1635820858.999995947
1635820859.099821091
1635820859.199656010
1635820859.299498081
1635820859.399334908
1635820859.499961138
1635820859.599817038
1635820859.699666023
1635820859.799510002
1635820859.899349928
1635820859.999989033
1635820860.099841118
1635820860.199674129
1635820860.299503088
1635820860.399345875
1635820860.499982119
1635820860.599820137
1635820860.699643850
1635820860.799491167
1635820860.899317980
1635820860.999953985
1635820861.099779129
1635820861.199620008
1635820861.299468040
1635820861.399309158
1635820861.499934912
1635820861.599772930
1635820861.699609995
1635820861.799448013
1635820861.899291992
1635820861.999938011
1635820862.099762917
1635820862.199594975
1635820862.299447060
1635820862.399285078
1635820862.499922037
1635820862.599756002
1635820862.699601889
1635820862.799450874
1635820862.899291992
1635820862.999929190
1635820863.099755049
1635820863.199595928
1635820863.299436092
1635820863.399297953
1635820863.499945879
1635820863.599781036
1635820863.699614048
1635820863.799458027
1635820863.899280787
1635820863.999919176
1635820864.099758148
1635820864.199601889
1635820864.299451828
1635820864.399286032
1635820864.499917984
1635820864.599763870
1635820864.699590921
1635820864.799425125
1635820864.899670124
1635820864.999505997
1635820865.099344969
1635820865.199990034
1635820865.299825907
1635820865.399657011
1635820865.499516010
1635820865.599369049
1635820865.699994802
1635820865.799835920
1635820865.899671078
1635820865.999511957
1635820866.099329948
1635820866.199976921
1635820866.299828053
1635820866.399664879
1635820866.499503136
1635820866.599341154
1635820866.699989080
1635820866.799838066
1635820866.899682045
1635820866.999510050
1635820867.099346876
1635820867.199994802
1635820867.299834967
1635820867.399695873
1635820867.499531984
1635820867.599375010
1635820867.699625015
1635820867.799474001
1635820867.899307966
1635820867.999945879
1635820868.099784851
1635820868.199647903
1635820868.299503088
1635820868.399351120
1635820868.499979973
1635820868.599836826
1635820868.699676991
1635820868.799510002
1635820868.899349928
1635820868.999990940
1635820869.099845886
1635820869.199709892
1635820869.299551964
1635820869.399382114
1635820869.499621868
1635820869.599456072
1635820869.699295044
1635820869.799930096
1635820869.899769068
1635820869.999596119
1635820870.099436998
1635820870.199282885
1635820870.299926043
1635820870.399765015
1635820870.499586105
1635820870.599416971
1635820870.699652195
1635820870.799500942
1635820870.899338007
1635820870.999968052
1635820871.099791765
1635820871.199640036
1635820871.299488068
1635820871.399321079
1635820871.499951124
1635820871.599807024
1635820871.699631214
1635820871.799464941
1635820871.899300098
1635820871.999951124
1635820872.099772930
1635820872.199598074
1635820872.299438000
1635820872.399286032
1635820872.499927998
1635820872.599780083
1635820872.699620008
1635820872.799467087
1635820872.899302959
1635820872.999945879
1635820873.099790096
1635820873.199625969
1635820873.299467087
1635820873.399323940
1635820873.499963999
1635820873.599800110
1635820873.699645996
1635820873.799489021
1635820873.899338007
1635820873.999984026
1635820874.099811077
1635820874.199653864
1635820874.299492121
1635820874.399328947
1635820874.499973059
1635820874.599811077
1635820874.699653864
1635820874.799488068
1635820874.899327040
1635820874.999952793
1635820875.099789143
1635820875.199629068
1635820875.299482107
1635820875.399306059
1635820875.499944925
1635820875.599784851
1635820875.699645996
1635820875.799482822
1635820875.899338007
1635820875.999976873
1635820876.099812031
1635820876.199661016
1635820876.299488068
1635820876.399328947
1635820876.499981165
1635820876.599813938
1635820876.699661970
1635820876.799517870
1635820876.899354935
1635820876.999610186
1635820877.099450827
1635820877.199292898
1635820877.299932003
1635820877.399770975
1635820877.499628067
1635820877.599467039
1635820877.699302912
1635820877.799937963
1635820877.899761915
1635820877.999601841
1635820878.099438190
1635820878.199670076
1635820878.299523115
1635820878.399365902
1635820878.499606133
1635820878.599449158
1635820878.699279785
1635820878.799911022
1635820878.899733067
1635820878.999567032
1635820879.099411011
1635820879.199654818
1635820879.299491167
1635820879.399314880
1635820879.499961138
1635820879.599797964
1635820879.699640036
1635820879.799489021
1635820879.899333239
1635820879.999975920
1635820880.099813938
1635820880.199654818
1635820880.299492121
1635820880.399335861
1635820880.499979973
1635820880.599815845
1635820880.699656963
1635820880.799484968
1635820880.899325848
1635820880.999973774
1635820881.099807024
1635820881.199645042
1635820881.299485922
1635820881.399322033
1635820881.499951124
1635820881.599787951
1635820881.699629068
1635820881.799484015
1635820881.899327993
1635820881.999972105
1635820882.099820137
1635820882.199666977
1635820882.299520016
1635820882.399362087
1635820882.499994993
1635820882.599835873
1635820882.699673176
1635820882.799488068
1635820882.899322033
1635820882.999969006
1635820883.099802971
1635820883.199629068
1635820883.299461126
1635820883.399296045
1635820883.499933004
1635820883.599779129
1635820883.699605942
1635820883.799455881
1635820883.899290085
1635820883.999933958
1635820884.099770069
1635820884.199615002
1635820884.299447060
1635820884.399280071
1635820884.499913931
1635820884.599744081
1635820884.699611902
1635820884.799446106
1635820884.899677992
1635820884.999523163
1635820885.099372149
1635820885.199621201
1635820885.299461842
1635820885.399299145
1635820885.499951124
1635820885.599786997
1635820885.699621201
1635820885.799458027
1635820885.899302006
1635820885.999933004
1635820886.099770069
1635820886.199610949
1635820886.299460173
1635820886.399297953
1635820886.499923944
1635820886.599750996
1635820886.699587107
1635820886.799423933
1635820886.899677038
1635820886.999514103
1635820887.099354029
1635820887.199985981
1635820887.299819946
1635820887.399667978
1635820887.499511003
1635820887.599346876
1635820887.699980974
1635820887.799816847
1635820887.899657965
1635820887.999495029
1635820888.099332094
1635820888.199980021
1635820888.299823046
1635820888.399664879
1635820888.499496937
1635820888.599328041
1635820888.699966908
1635820888.799808979
1635820888.899644852
1635820888.999486923
1635820889.099322796
1635820889.199965954
1635820889.299824238
1635820889.399653912
1635820889.499489069
1635820889.599327087
1635820889.699961185
1635820889.799797058
1635820889.899636030
1635820889.999481201
1635820890.099311113
1635820890.199948072
1635820890.299776077
1635820890.399595976
1635820890.499457121
1635820890.599282026
1635820890.699914932
1635820890.799736023
1635820890.899570942
1635820890.999399900
1635820891.099630117
1635820891.199468136
1635820891.299314976
1635820891.399962902
1635820891.499787092
1635820891.599642038
1635820891.699496984
1635820891.799338102
1635820891.899974823
1635820891.999819040
1635820892.099663973
1635820892.199513197
1635820892.299335957
1635820892.399966002
1635820892.499802828
1635820892.599630117
1635820892.699479103
1635820892.799319029
1635820892.899962187
1635820892.999804974
1635820893.099643946
1635820893.199481010
1635820893.299338102
1635820893.399971008
1635820893.499799967
1635820893.599644899
1635820893.699483871
1635820893.799323797
1635820893.899967909
1635820893.999815941
1635820894.099653959
1635820894.199496031
1635820894.299336910
1635820894.399959087
1635820894.499799967
1635820894.599655867
1635820894.699493885
1635820894.799329042
1635820894.899958134
1635820894.999808073
1635820895.099641085
1635820895.199486017
1635820895.299319029
1635820895.399939060
1635820895.499781847
1635820895.599602938
1635820895.699455023
1635820895.799280167
1635820895.899915934
1635820895.999767065
1635820896.099608183
1635820896.199439764
1635820896.299675941
1635820896.399516821
1635820896.499365807
1635820896.599609137
1635820896.699455976
1635820896.799300194
1635820896.899935961
1635820896.999781847
1635820897.099633932
1635820897.199461222
1635820897.299294949
1635820897.399938107
1635820897.499775887
1635820897.599620104
1635820897.699451923
1635820897.799288988
1635820897.899930954
1635820897.999759912
1635820898.099586010
1635820898.199419975
1635820898.299669027
1635820898.399512053
1635820898.499361992
1635820898.599606037
1635820898.699448109
1635820898.799288034
1635820898.899928093
1635820898.999774933
1635820899.099599838
1635820899.199439764
1635820899.299670935
1635820899.399507046
1635820899.499336004
1635820899.599971056
1635820899.699812174
1635820899.799656868
1635820899.899486065
1635820899.999327898
1635820900.099939108
1635820900.199795008
1635820900.299642801
1635820900.399483919
1635820900.499330044
1635820900.599972010
1635820900.699793816
1635820900.799652100
1635820900.899480104
1635820900.999326944
1635820901.099954844
1635820901.199801207
1635820901.299638033
1635820901.399477005
1635820901.499312162
1635820901.599954844
1635820901.699800014
1635820901.799632788
1635820901.899471045
1635820901.999318123
1635820902.099949121
1635820902.199782848
1635820902.299633980
1635820902.399479151
1635820902.499326944
1635820902.599964857
1635820902.699802876
1635820902.799651146
1635820902.899484873
1635820902.999333143
1635820903.099962950
1635820903.199796915
1635820903.299641132
1635820903.399491072
1635820903.499339104
1635820903.599971056
1635820903.699819088
1635820903.799664021
1635820903.899514198
1635820903.999348879
1635820904.099988937
1635820904.199841976
1635820904.299691916
1635820904.399544001
1635820904.499376059
1635820904.599611998
1635820904.699437141
1635820904.799297094
1635820904.899924040
1635820904.999750853
1635820905.099591970
1635820905.199450970
1635820905.299674988
1635820905.399519920
1635820905.499344826
1635820905.599984169
1635820905.699826956
1635820905.799655914
1635820905.899497986
1635820905.999341965
1635820906.099968910
1635820906.199830055
1635820906.299663067
1635820906.399508953
1635820906.499354124
1635820906.599987030
1635820906.699819088
1635820906.799647093
1635820906.899473906
1635820906.999339104
1635820907.099954844
1635820907.199799061
1635820907.299628973
1635820907.399466991
1635820907.499294043
1635820907.599925041
1635820907.699770927
1635820907.799599171
1635820907.899429798
1635820907.999284029
1635820908.099925041
1635820908.199758053
1635820908.299603939
1635820908.399441957
1635820908.499295950
1635820908.599942923
1635820908.699778080
1635820908.799607038
1635820908.899446964
1635820908.999287128
1635820909.099908113
1635820909.199754953
1635820909.299597979
1635820909.399448156
1635820909.499669075
1635820909.599506855
1635820909.699345827
1635820909.799991131
1635820909.899842978
1635820909.999688864
1635820910.099522114
1635820910.199372053
1635820910.299607038
1635820910.399452925
1635820910.499298096
1635820910.599921942
1635820910.699767113
1635820910.799602032
1635820910.899443865
1635820910.999297142
1635820911.099935055
1635820911.199778080
1635820911.299612999
1635820911.399461985
1635820911.499302864
1635820911.599932909
1635820911.699789047
1635820911.799625874
1635820911.899476051
1635820911.999309063
1635820912.099946022
1635820912.199774027
1635820912.299602032
1635820912.399428129
1635820912.499677896
1635820912.599519014
1635820912.699365139
1635820912.799998045
1635820912.899825811
1635820912.999648094
1635820913.099481106
1635820913.199306965
1635820913.299932003
1635820913.399764061
1635820913.499604940
1635820913.599440813
1635820913.699676991
1635820913.799524069
1635820913.899363041
1635820913.999992132
1635820914.099828005
1635820914.199685812
1635820914.299538851
1635820914.399383068
1635820914.499622822
1635820914.599460125
1635820914.699299097
1635820914.799937963
1635820914.899770021
1635820914.999620199
1635820915.099470139
1635820915.199301004
1635820915.299950123
1635820915.399810076
1635820915.499650002
1635820915.599484921
1635820915.699334860
1635820915.799970150
1635820915.899804831
1635820915.999645948
1635820916.099477053
1635820916.199317932
1635820916.299952030
1635820916.399775982
1635820916.499621868
1635820916.599452972
1635820916.699302912
1635820916.799937010
1635820916.899791002
1635820916.999638081
1635820917.099482059
1635820917.199322224
1635820917.299954891
1635820917.399795055
1635820917.499638081
1635820917.599472046
1635820917.699310064
1635820917.799953938
1635820917.899803877
1635820917.999643803
1635820918.099474907
1635820918.199323893
1635820918.299954891
1635820918.399799109
1635820918.499635935
1635820918.599475861
1635820918.699309111
1635820918.799956083
1635820918.899816036
1635820918.999657869
1635820919.099488974
1635820919.199343204
1635820919.299982071
1635820919.399820089
1635820919.499650955
1635820919.599493980
1635820919.699322939
1635820919.799973011
1635820919.899816036
1635820919.999653101
1635820920.099473953
1635820920.199311018
1635820920.299949169
1635820920.399797916
1635820920.499639034
1635820920.599474907
1635820920.699330091
1635820920.799964905
1635820920.899804831
1635820920.999655962
1635820921.099485874
1635820921.199320078
1635820921.299952030
1635820921.399797916
1635820921.499625921
1635820921.599456072
1635820921.699285984
1635820921.799926043
1635820921.899757147
1635820921.999610186
1635820922.099459171
1635820922.199284077
1635820922.299916983
1635820922.399760962
1635820922.499603987
1635820922.599439144
1635820922.699279785
1635820922.799920797
1635820922.899759054
1635820922.999599218
1635820923.099436045
1635820923.199282885
1635820923.299915075
1635820923.399757147
1635820923.499593019
1635820923.599443913
1635820923.699284077
1635820923.799925089
1635820923.899768114
1635820923.999620199
1635820924.099452019
1635820924.199674129
1635820924.299520969
1635820924.399352074
1635820924.499979973
1635820924.599817038
1635820924.699663162
1635820924.799504995
1635820924.899348974
1635820924.999983072
1635820925.099833012
1635820925.199670076
1635820925.299502134
1635820925.399354935
1635820925.499603033
1635820925.599456072
1635820925.699300051
1635820925.799950123
1635820925.899796009
1635820925.999639988
1635820926.099462986
1635820926.199293852
1635820926.299919128
1635820926.399758101
1635820926.499603987
1635820926.599450827
1635820926.699312210
1635820926.799943924
1635820926.899783850
1635820926.999628067
1635820927.099466085
1635820927.199305058
1635820927.299949169
1635820927.399770975
1635820927.499603033
1635820927.599442959
1635820927.699280977
1635820927.799913883
1635820927.899779081
1635820927.999628067
1635820928.099461794
1635820928.199295998
1635820928.299940109
1635820928.399775028
1635820928.499603987
1635820928.599449158
1635820928.699298143
1635820928.799937963
1635820928.899755955
1635820928.999587059
1635820929.099429846
1635820929.199671030
1635820929.299525976
1635820929.399359941
1635820929.499600887
1635820929.599446058
1635820929.699292898
1635820929.799944878
1635820929.899785042
1635820929.999615908
1635820930.099457979
1635820930.199303865
1635820930.299942970
1635820930.399775982
1635820930.499624014
1635820930.599473000
1635820930.699326038
1635820930.799952984
1635820930.899790049
1635820930.999642134
1635820931.099478960
1635820931.199316025
1635820931.299950123
1635820931.399793863
1635820931.499632120
1635820931.599470139
1635820931.699299097
1635820931.799930811
1635820931.899765015
1635820931.999593019
1635820932.099416971
1635820932.199661016
1635820932.299502134
1635820932.399348974
1635820932.499984980
1635820932.599824905
1635820932.699666977
1635820932.799496889